10,269
10,79
10,163
10,69
10,232
10,181
10,246
10,278
10,3
9,5
9,2
9,3
8,16
8,11
8,18
8,3
66,3
66,1
63,3
63,1
45,3
45,2
45,1
45,0
44,3
44,2
44,1
44,0
42,3
42,2
42,1
42,0
27,3
27,2
27,1
20,3
20,2
20,1
19,3
19,2
19,1
12,3
12,2
12,1
11,30
11,29
11,28
11,27
11,26
11,25
11,24
11,23
11,22
11,21
11,20
11,19
11,18
11,17
11,16
11,15
11,14
11,13
11,12
11,11
11,10
11,9
11,8
11,7
11,6
11,5
11,4
11,3
11,2
11,1
10,313
10,312
10,309
10,307
10,305
10,304
10,301
10,300
10,298
10,297
10,296
10,286
10,285
10,283
10,279
10,274
10,273
10,270
10,259
10,254
10,241
10,210
10,205
18,1
10,201
18,3
